  1.4028507e+000  2.3613018e-001
  2.4223811e-001  1.4163998e+000
  1.7184355e+000 -6.0848322e-001
  7.8666880e-001 -2.1589341e-001
  3.3116386e-001 -1.7830421e+000
  1.2615888e+000 -1.2915699e+000
  1.5160556e+000  6.5123225e-001
  1.9556465e+000 -6.7668402e-001
 -1.9979105e+000  1.5939446e+000
  1.4617544e+000 -1.5273792e+000
  4.5026588e-001  1.9536717e+000
  1.9598008e+000  1.5992840e-001
  1.1072028e-001  8.2766968e-001
 -8.1906459e-002  1.9979665e+000
  1.2053904e+000 -8.4860262e-001
 -1.0886283e+000 -3.4190984e-001
 -7.6228352e-003 -1.4064023e-001
  1.6034100e+000  1.0558283e+000
  2.9864488e-001  1.2728162e+000
  1.3807127e+000 -1.5991138e+000
  9.5456117e-001 -1.2875322e+000
  3.4394814e-001 -5.6146035e-001
 -1.0130619e+000 -1.7731812e+000
  6.6566487e-001  8.7542695e-002
 -1.6660687e+000 -6.5660410e-001
  5.0383914e-001 -1.2973239e+000
  6.4377823e-001 -1.1642133e+000
  9.1900742e-001  1.6206142e+000
  1.5630085e+000  7.0156471e-001
  1.9292129e+000 -1.2612720e-001
  1.0761163e+000  1.6485299e+000
  3.2578595e-001 -1.5839537e+000
  1.7132522e+000  9.8218429e-001
  3.2036146e-001  9.4506982e-001
 -1.9320682e+000  2.4744570e-001
 -1.5165617e+000 -1.2632236e+000
  1.4508429e+000  3.8884540e-001
 -6.2813955e-002 -8.0025204e-001
  1.3794227e+000 -1.4635083e+000
 -1.1623797e+000 -1.1495939e+000
  2.0916537e-001  1.5797667e+000
  5.1953354e-001 -1.7141887e+000
 -1.8720359e+000 -1.0300538e+000
  4.5885368e-001 -1.7849824e+000
 -5.5035415e-001 -2.3311177e-001
 -1.8018697e+000 -1.9468672e+000
 -4.1720043e-002  1.5887654e+000
 -1.2299584e+000 -1.2133672e+000
 -1.5076650e+000 -1.6265179e+000
 -1.1780233e+000 -7.7053240e-001
 -1.4139404e+000 -1.7576933e-001
 -1.2437113e+000 -1.5933224e+000
 -1.8293904e+000  1.9815589e+000
  5.4079167e-001 -6.7162867e-001
 -8.7253258e-001 -8.1061274e-001
  1.5438671e-001 -1.7518191e+000
  7.8065216e-001 -8.0702411e-001
 -3.5359461e-003 -1.8145949e+000
  1.4320422e-001  2.1712570e-002
 -2.1926734e-001  1.0457035e+000
 -1.5042709e+000  5.2428000e-001
 -3.8570826e-002 -1.6404334e+000
  1.4119926e+000 -1.6765503e+000
  1.4957096e+000  1.1089621e+000
 -9.1882267e-001  1.6205390e+000
 -1.1661546e+000  1.3508781e-001
  2.5991828e-001 -1.5633832e+000
  5.6124730e-001  1.3032354e+000
 -3.3188419e-001 -6.4760912e-001
 -1.1760979e+000 -8.2410779e-001
  1.7917325e+000  9.8525371e-001
 -1.6717152e+000 -1.9586535e+000
 -1.5771623e+000 -1.8062106e+000
 -1.4318355e+000  6.7166449e-001
 -1.3341582e+000  4.1387194e-001
  4.8383458e-001  1.0440986e-001
  2.9483906e-001  9.1883779e-001
 -1.7916884e+000  8.2901394e-001
  1.7248055e+000  1.1255082e+000
  9.1464673e-001 -8.4809210e-001
  9.5136662e-001  7.7012795e-001
 -1.7463820e+000  2.2667934e-001
  1.4417623e+000 -4.1391683e-001
  1.7376205e+000 -1.7536373e+000
  1.9375932e+000  1.1207021e+000
  1.4357553e+000 -6.4966454e-001
  1.1422360e+000  4.3146363e-001
  5.3509674e-002  9.6501620e-001
 -1.2895902e+000 -1.5807470e+000
 -4.0564201e-001 -1.4884465e+000
 -1.4642750e+000  1.9816043e-001
 -1.8764418e+000 -5.9082366e-002
  1.7565668e+000  1.5619027e+000
 -7.9477574e-001  1.1958411e+000
 -8.1786466e-001  9.3736433e-001
 -6.6825487e-001 -1.7946725e+000
 -1.3172725e-001 -1.7084588e+000
  5.9279363e-001 -1.6458902e+000
 -1.8990873e+000  1.1934035e+000
  1.3688264e+000  1.7720326e+000
