  3.1701431e-001
  1.2036099e-002
  1.8772579e-001
  4.1524238e-001
 -1.5969898e-002
  6.1632888e-002
  2.1333516e-001
  1.3679730e-001
  2.7968623e-003
  7.8882545e-003
 -3.2390779e-002
  1.8771163e-001
  4.4046328e-002
  6.7810603e-003
  1.9457050e-001
 -3.6259859e-001
 -7.4006845e-003
  1.0505270e-001
  3.1883961e-002
 -5.0889699e-003
  6.3907637e-002
  1.9911445e-001
  3.2984442e-002
  4.2406154e-001
 -1.8742426e-001
  4.4397286e-002
  8.5698576e-002
 -8.8546548e-003
  1.9409746e-001
  1.9608690e-001
 -1.4017754e-002
 -1.1648378e-003
  1.1216166e-001
  9.2413736e-002
 -1.8918090e-001
 -6.1748357e-002
  2.8214279e-001
 -2.6589722e-002
  2.0839337e-002
 -1.0216751e-001
 -5.2624979e-004
 -1.6858613e-002
 -8.8328030e-002
 -2.1412324e-002
 -3.7491299e-001
  4.4482521e-002
  2.1254417e-004
 -8.2744305e-002
  9.3910205e-003
 -2.2234085e-001
 -3.2094572e-001
  4.1942878e-003
  4.6660262e-002
  2.3113990e-001
 -2.1823791e-001
 -6.7644351e-003
  2.1530636e-001
  1.9883270e-004
  1.3974983e-001
 -5.0915162e-002
 -2.4416135e-001
  7.2663961e-004
 -1.7956408e-002
  9.9471880e-002
  8.8411965e-003
 -3.8301323e-001
  5.4251986e-004
  4.6695843e-002
 -1.6989022e-001
 -2.0474053e-001
  1.0407549e-001
  4.9309861e-002
  3.4555077e-002
 -2.2141614e-001
 -3.0158394e-001
  3.7160223e-001
  9.1296595e-002
 -1.3459917e-001
  8.1198483e-002
  2.0504834e-001
  2.3395178e-001
 -2.3393834e-001
  2.7936605e-001
 -2.5272812e-002
  6.7569867e-002
  2.2650981e-001
  3.3169518e-001
  1.5745697e-002
  1.8520072e-003
 -9.6032774e-003
 -3.0623950e-001
 -2.1040640e-001
  1.3395224e-003
 -8.5371191e-002
 -1.6954004e-001
  2.9472773e-002
  4.5791680e-003
 -1.0322738e-002
 -5.7840015e-002
 -3.2561498e-002
