 -9.3763038e-003
  8.3320499e-003
  1.0569162e-001
  3.6399759e-001
  2.9529978e-001
  3.8799215e-001
  5.6756734e-001
  5.8416160e-001
  7.8897882e-001
  7.9897465e-001
  7.5832387e-001
  8.3276589e-001
  8.4014060e-001
  9.3241005e-001
  1.0783074e+000
  9.2766913e-001
  9.1277495e-001
  9.5591778e-001
  9.2229960e-001
  8.9767360e-001
  9.3085203e-001
  8.3211379e-001
  8.7425906e-001
  7.0449599e-001
  7.6909661e-001
  6.4308754e-001
  6.0626709e-001
  5.0795352e-001
  2.7029658e-001
  2.0028361e-001
  1.7770011e-001
 -4.8463748e-002
  3.4736641e-002
 -1.4549456e-001
 -2.3185279e-001
 -4.0388659e-001
 -5.0156042e-001
 -4.6721066e-001
 -6.0981077e-001
 -6.7688340e-001
 -7.8606510e-001
 -8.6015008e-001
 -9.2251311e-001
 -8.7137096e-001
 -9.8754261e-001
 -1.0085497e+000
 -9.2621335e-001
 -9.2372280e-001
 -9.9583742e-001
 -1.0744014e+000
 -9.2700142e-001
 -9.4286823e-001
 -8.2821705e-001
 -8.8252085e-001
 -7.2378351e-001
 -7.0673174e-001
 -6.7108198e-001
 -6.2886619e-001
 -5.5646047e-001
 -3.8331977e-001
 -2.0714039e-001
 -1.1202130e-001
 -3.4591054e-002
 -5.1329551e-002
  1.6569276e-001
  1.5226302e-001
  3.6283637e-001
  3.1899720e-001
  5.2411660e-001
  6.3912071e-001
  7.0676983e-001
  7.0576010e-001
  7.9901009e-001
  8.8010472e-001
  8.3254237e-001
  9.2094716e-001
  9.5797495e-001
  9.0472950e-001
  1.0413755e+000
  9.4750129e-001
  9.3861243e-001
  9.9380064e-001
  9.2716623e-001
  9.8700097e-001
  9.4380889e-001
  7.9232760e-001
  6.7856365e-001
  5.7616709e-001
  6.5893595e-001
  4.8725613e-001
  4.1824036e-001
  4.1671795e-001
  2.5546538e-001
  1.9201796e-001
 -3.4081483e-002
 -3.7394128e-002
 -1.8003341e-001
 -2.0489038e-001
 -3.8687552e-001
 -4.1013015e-001
 -5.7483693e-001
